,US Equity - Large Cap,US Equity - Small/Mid Cap,Non-US Equity - Developed,Non-US Equity - Emerging,US Corporate Bonds - Core,US Corporate Bonds - Long Duration,US Corporate Bonds - High Yield,Non-US Debt - Developed,Non-US Debt - Emerging,US Treasuries (Cash Equivalents),TIPS (Inflation-Protected),Real Estate,Hedge Funds,Commodities,Infrastructure,Private Equity,Private Debt
US Equity - Large Cap,1.0000,0.8900,0.8200,0.7100,0.3200,0.2900,0.6800,0.2400,0.5400,-0.0100,0.1800,0.5500,0.7100,0.3300,0.6500,0.7600,0.5800
US Equity - Small/Mid Cap,0.8900,1.0000,0.7700,0.6700,0.2800,0.2700,0.6800,0.2200,0.5100,-0.0400,0.1400,0.5500,0.7000,0.3400,0.6400,0.7400,0.5800
Non-US Equity - Developed,0.8200,0.7700,1.0000,0.8000,0.3200,0.2800,0.6600,0.3500,0.5700,0.0000,0.1900,0.4800,0.6900,0.4100,0.6700,0.6800,0.5700
Non-US Equity - Emerging,0.7100,0.6700,0.8000,1.0000,0.2900,0.2500,0.6300,0.3000,0.6300,0.0000,0.2000,0.4200,0.6700,0.4200,0.6100,0.6400,0.5400
US Corporate Bonds - Core,0.3200,0.2800,0.3200,0.2900,1.0000,0.8900,0.5300,0.6200,0.6000,0.1900,0.6600,0.2700,0.2900,0.0700,0.3400,0.2100,0.2200
US Corporate Bonds - Long Duration,0.2900,0.2700,0.2800,0.2500,0.8900,1.0000,0.4400,0.6100,0.5300,0.1400,0.6100,0.2300,0.2400,0.0100,0.3500,0.1900,0.1700
US Corporate Bonds - High Yield,0.6800,0.6800,0.6600,0.6300,0.5300,0.4400,1.0000,0.3300,0.6700,-0.0000,0.3400,0.4700,0.6300,0.3700,0.5900,0.5700,0.6800
Non-US Debt - Developed,0.2400,0.2200,0.3500,0.3000,0.6200,0.6100,0.3300,1.0000,0.5000,0.1800,0.5100,0.2000,0.2000,0.1200,0.3600,0.1600,0.1200
Non-US Debt - Emerging,0.5400,0.5100,0.5700,0.6300,0.6000,0.5300,0.6700,0.5000,1.0000,0.1000,0.4300,0.3900,0.5100,0.2600,0.5400,0.4500,0.4400
US Treasuries (Cash Equivalents),-0.0100,-0.0400,0.0000,0.0000,0.1900,0.1400,-0.0000,0.1800,0.1000,1.0000,0.2200,0.0300,0.0200,0.0000,0.0400,-0.0400,-0.0400
TIPS (Inflation-Protected),0.1800,0.1400,0.1900,0.2000,0.6600,0.6100,0.3400,0.5100,0.4300,0.2200,1.0000,0.2400,0.1900,0.2000,0.2600,0.1200,0.1100
Real Estate,0.5500,0.5500,0.4800,0.4200,0.2700,0.2300,0.4700,0.2000,0.3900,0.0300,0.2400,1.0000,0.4200,0.2400,0.4800,0.4800,0.4100
Hedge Funds,0.7100,0.7000,0.6900,0.6700,0.2900,0.2400,0.6300,0.2000,0.5100,0.0200,0.1900,0.4200,1.0000,0.4100,0.5700,0.6400,0.6100
Commodities,0.3300,0.3400,0.4100,0.4200,0.0700,0.0100,0.3700,0.1200,0.2600,0.0000,0.2000,0.2400,0.4100,1.0000,0.4200,0.3100,0.3800
Infrastructure,0.6500,0.6400,0.6700,0.6100,0.3400,0.3500,0.5900,0.3600,0.5400,0.0400,0.2600,0.4800,0.5700,0.4200,1.0000,0.5700,0.5100
Private Equity,0.7600,0.7400,0.6800,0.6400,0.2100,0.1900,0.5700,0.1600,0.4500,-0.0400,0.1200,0.4800,0.6400,0.3100,0.5700,1.0000,0.6300
Private Debt,0.5800,0.5800,0.5700,0.5400,0.2200,0.1700,0.6800,0.1200,0.4400,-0.0400,0.1100,0.4100,0.6100,0.3800,0.5100,0.6300,1.0000
